10
10
0
13
0000027B510D0AB0
0000027B510CFF30
0000027B510D02B0
0000027B510D08B0
0000027B510CFFB0
0000027B510D0930
0000027B510D0B30
0000027B510D4DF0
0000027B510D4F40
0000027B510D52C0
0000027B510D5170
0000027B510D5100
0000027B510D0BB0
0000027B510D0BB0
0000000000000000
0000000000000000
0000000000000000
0000000000000000
0000000000000000
0000000000000000
0000000000000000
0000000000000000
0000000000000000
0000000000000000
0000000000000000
0000000000000000
0000000000000000
0000000000000000
0000000000000000
0000000000000000
0000000000000000
0000000000000000
0000027B510D5100
0000000000000000
0000000000000000
0000027B510D0AB0
0000027B510CFF30
0000000000000000
0000000000000000
0000000000000000
0000000000000000
0000000000000000
0000000000000000
0000000000000000
0000000000000000
0000000000000000
0000000000000000
0000000000000000
0000000000000000
0000000000000000
0000000000000000
0000000000000000
0000000000000000
0000000000000000
0000000000000000
0000000000000000
0000000000000000
0000027B510D08B0
0000027B510D02B0
0000000000000000
0000000000000000
0000000000000000
0000000000000000
0000000000000000
0000000000000000
0000000000000000
0000000000000000
0000027B510D0930
0000000000000000
0000000000000000
0000000000000000
0000000000000000
0000000000000000
0000000000000000
0000000000000000
0000000000000000
0000000000000000
0000000000000000
0000000000000000
0000000000000000
0000000000000000
0000000000000000
0000027B510D5170
0000000000000000
0000000000000000
0000000000000000
0000000000000000
0000027B510D0B30
0000000000000000
0000000000000000
0000000000000000
0000000000000000
0000000000000000
0000000000000000
0000000000000000
0000027B510D4DF0
0000027B510D4F40
0000000000000000
0000000000000000
0000000000000000
0000000000000000
0000027B510CFFB0
0000000000000000
0000000000000000
0000000000000000
0000000000000000
0000027B510D52C0
0000000000000000
0000000000000000
0000000000000000
0000000000000000
0000000000000000
0000000000000000
