10
10
17
12
W
2
8
17
0
9
W
7
4
17
0
9
O
0
5
17
0
4
C
1
9
0
0
8
Z
6
3
6
0
2
M
8
3
51
0
0
T
8
2
17
0
0
J
9
3
17
0
99
B
6
9
17
0
99
M
7
3
3
0
0
0000000000000000
0000000000000000
0000000000000000
0000000000000000
0000000000000000
00000225C79D4660
0000000000000000
0000000000000000
0000000000000000
0000000000000000
0000000000000000
0000000000000000
0000000000000000
0000000000000000
0000000000000000
0000000000000000
0000000000000000
0000000000000000
0000000000000000
00000225C79D5220
0000000000000000
0000000000000000
0000000000000000
0000000000000000
0000000000000000
0000000000000000
0000000000000000
0000000000000000
00000225C79D46E0
0000000000000000
0000000000000000
0000000000000000
0000000000000000
0000000000000000
0000000000000000
0000000000000000
0000000000000000
0000000000000000
0000000000000000
0000000000000000
0000000000000000
0000000000000000
0000000000000000
0000000000000000
0000000000000000
0000000000000000
0000000000000000
0000000000000000
0000000000000000
0000000000000000
0000000000000000
0000000000000000
0000000000000000
0000000000000000
0000000000000000
0000000000000000
0000000000000000
0000000000000000
0000000000000000
0000000000000000
0000000000000000
0000000000000000
0000000000000000
00000225C79D50F0
0000000000000000
0000000000000000
0000000000000000
0000000000000000
0000000000000000
00000225C79D4990
0000000000000000
0000000000000000
0000000000000000
00000225C79D4F40
00000225C79D4760
0000000000000000
0000000000000000
0000000000000000
0000000000000000
0000000000000000
0000000000000000
0000000000000000
00000225C79D4D80
00000225C79D4CA0
0000000000000000
0000000000000000
0000000000000000
0000000000000000
0000000000000000
0000000000000000
0000000000000000
0000000000000000
0000000000000000
00000225C79D4AE0
0000000000000000
0000000000000000
0000000000000000
0000000000000000
0000000000000000
0000000000000000
