10
10
9
14
L
5
1
9
0
3
W
2
6
9
0
9
W
3
4
9
0
9
O
1
1
9
0
4
O
2
0
9
0
4
C
1
8
0
0
8
O
0
1
1
0
4
Z
8
4
3
0
2
M
8
3
27
0
0
T
8
2
9
0
0
J
9
3
9
0
99
B
6
9
9
0
99
G
1
9
8
0
0
0000000000000000
00000249A265B460
0000000000000000
0000000000000000
0000000000000000
0000000000000000
0000000000000000
0000000000000000
0000000000000000
0000000000000000
0000000000000000
00000249A2650C20
0000000000000000
0000000000000000
0000000000000000
0000000000000000
0000000000000000
0000000000000000
00000249A2656740
00000249A2656170
00000249A2655B10
0000000000000000
0000000000000000
0000000000000000
0000000000000000
0000000000000000
00000249A2655B90
0000000000000000
0000000000000000
0000000000000000
0000000000000000
0000000000000000
0000000000000000
0000000000000000
00000249A2655C10
0000000000000000
0000000000000000
0000000000000000
0000000000000000
0000000000000000
0000000000000000
0000000000000000
0000000000000000
0000000000000000
0000000000000000
0000000000000000
0000000000000000
0000000000000000
0000000000000000
0000000000000000
0000000000000000
00000249A2655D80
0000000000000000
0000000000000000
0000000000000000
0000000000000000
0000000000000000
0000000000000000
0000000000000000
0000000000000000
0000000000000000
0000000000000000
0000000000000000
0000000000000000
0000000000000000
0000000000000000
0000000000000000
0000000000000000
0000000000000000
00000249A2656090
0000000000000000
0000000000000000
0000000000000000
0000000000000000
0000000000000000
0000000000000000
0000000000000000
0000000000000000
0000000000000000
0000000000000000
0000000000000000
0000000000000000
00000249A2656410
00000249A26562C0
00000249A2655E00
0000000000000000
0000000000000000
0000000000000000
0000000000000000
0000000000000000
0000000000000000
0000000000000000
0000000000000000
00000249A2656330
0000000000000000
0000000000000000
0000000000000000
0000000000000000
0000000000000000
0000000000000000
