10
10
0
13
0000016E09D02B60
0000016E09D02BE0
0000016E09D02C60
0000016E09D02CE0
0000016E09D02D60
0000016E09D035F0
0000016E09D03670
0000016E09D033E0
0000016E09D03220
0000016E09D03370
0000016E09D03450
0000016E09D02EA0
0000016E09D037A0
0000016E09D037A0
0000000000000000
0000000000000000
0000000000000000
0000000000000000
0000000000000000
0000000000000000
0000000000000000
0000000000000000
0000000000000000
0000000000000000
0000000000000000
0000000000000000
0000000000000000
0000000000000000
0000000000000000
0000000000000000
0000000000000000
0000000000000000
0000016E09D02EA0
0000000000000000
0000000000000000
0000016E09D02B60
0000016E09D02BE0
0000000000000000
0000000000000000
0000000000000000
0000000000000000
0000000000000000
0000000000000000
0000000000000000
0000000000000000
0000000000000000
0000000000000000
0000000000000000
0000000000000000
0000000000000000
0000000000000000
0000000000000000
0000000000000000
0000000000000000
0000000000000000
0000000000000000
0000000000000000
0000016E09D02CE0
0000016E09D02C60
0000000000000000
0000000000000000
0000000000000000
0000000000000000
0000000000000000
0000000000000000
0000000000000000
0000000000000000
0000016E09D035F0
0000000000000000
0000000000000000
0000000000000000
0000000000000000
0000000000000000
0000000000000000
0000000000000000
0000000000000000
0000000000000000
0000000000000000
0000000000000000
0000000000000000
0000000000000000
0000000000000000
0000016E09D03450
0000000000000000
0000000000000000
0000000000000000
0000000000000000
0000016E09D03670
0000000000000000
0000000000000000
0000000000000000
0000000000000000
0000000000000000
0000000000000000
0000000000000000
0000016E09D033E0
0000016E09D03220
0000000000000000
0000000000000000
0000000000000000
0000000000000000
0000016E09D02D60
0000000000000000
0000000000000000
0000000000000000
0000000000000000
0000016E09D03370
0000000000000000
0000000000000000
0000000000000000
0000000000000000
0000000000000000
0000000000000000
