10
10
0
13
000001DF98D84580
000001DF98D84600
000001DF98D84680
000001DF98D84700
000001DF98D84780
000001DF98D85010
000001DF98D85090
000001DF98D84930
000001DF98D84F50
000001DF98D84E00
000001DF98D84A10
000001DF98D84E70
000001DF98D851C0
000001DF98D851C0
0000000000000000
0000000000000000
0000000000000000
0000000000000000
0000000000000000
0000000000000000
0000000000000000
0000000000000000
0000000000000000
0000000000000000
0000000000000000
0000000000000000
0000000000000000
0000000000000000
0000000000000000
0000000000000000
0000000000000000
0000000000000000
000001DF98D84E70
0000000000000000
0000000000000000
000001DF98D84580
000001DF98D84600
0000000000000000
0000000000000000
0000000000000000
0000000000000000
0000000000000000
0000000000000000
0000000000000000
0000000000000000
0000000000000000
0000000000000000
0000000000000000
0000000000000000
0000000000000000
0000000000000000
0000000000000000
0000000000000000
0000000000000000
0000000000000000
0000000000000000
0000000000000000
000001DF98D84700
000001DF98D84680
0000000000000000
0000000000000000
0000000000000000
0000000000000000
0000000000000000
0000000000000000
0000000000000000
0000000000000000
000001DF98D85010
0000000000000000
0000000000000000
0000000000000000
0000000000000000
0000000000000000
0000000000000000
0000000000000000
0000000000000000
0000000000000000
0000000000000000
0000000000000000
0000000000000000
0000000000000000
0000000000000000
000001DF98D84A10
0000000000000000
0000000000000000
0000000000000000
0000000000000000
000001DF98D85090
0000000000000000
0000000000000000
0000000000000000
0000000000000000
0000000000000000
0000000000000000
0000000000000000
000001DF98D84930
000001DF98D84F50
0000000000000000
0000000000000000
0000000000000000
0000000000000000
000001DF98D84780
0000000000000000
0000000000000000
0000000000000000
0000000000000000
000001DF98D84E00
0000000000000000
0000000000000000
0000000000000000
0000000000000000
0000000000000000
0000000000000000
