10
10
0
13
00000006744FF7B8
00000006744FF7B8
00000006744FF7B8
00000006744FF7B8
00000006744FF7B8
00000006744FF7B8
00000006744FF7B8
00000006744FF7B8
00000006744FF7B8
00000006744FF7B8
00000006744FF7B8
00000006744FF7B8
00000006744FF7B8
000001535B8E3B70
0000000000000000
0000000000000000
0000000000000000
0000000000000000
0000000000000000
0000000000000000
0000000000000000
0000000000000000
0000000000000000
0000000000000000
0000000000000000
0000000000000000
0000000000000000
0000000000000000
0000000000000000
0000000000000000
0000000000000000
0000000000000000
000001535B8E3900
0000000000000000
0000000000000000
000001535B8DC140
000001535B8D53F0
0000000000000000
0000000000000000
0000000000000000
0000000000000000
0000000000000000
0000000000000000
0000000000000000
0000000000000000
0000000000000000
0000000000000000
0000000000000000
0000000000000000
0000000000000000
0000000000000000
0000000000000000
0000000000000000
0000000000000000
0000000000000000
0000000000000000
0000000000000000
000001535B8D56A0
000001535B8D5950
0000000000000000
0000000000000000
0000000000000000
0000000000000000
0000000000000000
0000000000000000
0000000000000000
0000000000000000
000001535B8E39C0
0000000000000000
0000000000000000
0000000000000000
0000000000000000
0000000000000000
0000000000000000
0000000000000000
0000000000000000
0000000000000000
0000000000000000
0000000000000000
0000000000000000
0000000000000000
0000000000000000
000001535B8E35F0
0000000000000000
0000000000000000
0000000000000000
0000000000000000
000001535B8E3A40
0000000000000000
0000000000000000
0000000000000000
0000000000000000
0000000000000000
0000000000000000
0000000000000000
000001535B8E34A0
000001535B8E3200
0000000000000000
0000000000000000
0000000000000000
0000000000000000
000001535B8D36B0
0000000000000000
0000000000000000
0000000000000000
0000000000000000
000001535B8E3820
0000000000000000
0000000000000000
0000000000000000
0000000000000000
0000000000000000
0000000000000000
