10
10
0
13
0000028F2DF553F0
0000028F2DF55950
0000028F2DF556A0
0000028F2DF536B0
0000028F2DF5D140
0000028F2DF5D1C0
0000028F2DF658E0
0000028F2DF654A0
0000028F2DF65350
0000028F2DF65120
0000028F2DF652E0
0000028F2DF65820
0000028F2DF65960
0000028F2DF65960
0000000000000000
0000000000000000
0000000000000000
0000000000000000
0000000000000000
0000000000000000
0000000000000000
0000000000000000
0000000000000000
0000000000000000
0000000000000000
0000000000000000
0000000000000000
0000000000000000
0000000000000000
0000000000000000
0000000000000000
0000000000000000
0000028F2DF65820
0000000000000000
0000000000000000
0000028F2DF553F0
0000028F2DF55950
0000000000000000
0000000000000000
0000000000000000
0000000000000000
0000000000000000
0000000000000000
0000000000000000
0000000000000000
0000000000000000
0000000000000000
0000000000000000
0000000000000000
0000000000000000
0000000000000000
0000000000000000
0000000000000000
0000000000000000
0000000000000000
0000000000000000
0000000000000000
0000028F2DF536B0
0000028F2DF556A0
0000000000000000
0000000000000000
0000000000000000
0000000000000000
0000000000000000
0000000000000000
0000000000000000
0000000000000000
0000028F2DF5D1C0
0000000000000000
0000000000000000
0000000000000000
0000000000000000
0000000000000000
0000000000000000
0000000000000000
0000000000000000
0000000000000000
0000000000000000
0000000000000000
0000000000000000
0000000000000000
0000000000000000
0000028F2DF652E0
0000000000000000
0000000000000000
0000000000000000
0000000000000000
0000028F2DF658E0
0000000000000000
0000000000000000
0000000000000000
0000000000000000
0000000000000000
0000000000000000
0000000000000000
0000028F2DF654A0
0000028F2DF65350
0000000000000000
0000000000000000
0000000000000000
0000000000000000
0000028F2DF5D140
0000000000000000
0000000000000000
0000000000000000
0000000000000000
0000028F2DF65120
0000000000000000
0000000000000000
0000000000000000
0000000000000000
0000000000000000
0000000000000000
