5
2
1
10
10
31
19
W
2
8
31
0
9
W
1
3
31
0
9
W
3
7
8
0
9
W
3
5
1
0
9
O
4
3
31
0
4
A
4
7
31
0
4
C
6
7
0
0
5
Z
6
2
9
0
2
M
8
3
93
0
0
M
8
4
63
0
0
T
8
2
31
0
0
J
9
3
31
0
99
B
6
9
31
0
10
G
1
9
31
0
0
M
7
3
30
0
0
M
8
5
9
0
0
G
1
8
6
0
0
T
9
2
1
0
0
G
1
7
0
0
0
0000000000000000
0000000000000000
0000000000000000
0000000000000000
0000000000000000
0000000000000000
0000000000000000
0000000000000000
0000000000000000
0000000000000000
0000000000000000
0000000000000000
0000000000000000
000002418D2DD4C0
0000000000000000
0000000000000000
0000000000000000
000002418D2E62B0
000002418D2E6080
000002418D2E5C20
0000000000000000
0000000000000000
0000000000000000
0000000000000000
0000000000000000
0000000000000000
0000000000000000
0000000000000000
000002418D2DC9C0
0000000000000000
0000000000000000
0000000000000000
0000000000000000
0000000000000000
0000000000000000
000002418D2DD240
0000000000000000
000002418D2DD440
0000000000000000
0000000000000000
0000000000000000
0000000000000000
0000000000000000
000002418D2DD3C0
0000000000000000
0000000000000000
0000000000000000
000002418D2DCA40
0000000000000000
0000000000000000
0000000000000000
0000000000000000
0000000000000000
0000000000000000
0000000000000000
0000000000000000
0000000000000000
0000000000000000
0000000000000000
0000000000000000
0000000000000000
0000000000000000
000002418D2DD1C0
0000000000000000
0000000000000000
0000000000000000
0000000000000000
000002418D2E52F0
0000000000000000
000002418D2E5D00
0000000000000000
0000000000000000
0000000000000000
000002418D2E6010
0000000000000000
0000000000000000
0000000000000000
0000000000000000
0000000000000000
0000000000000000
0000000000000000
0000000000000000
000002418D2E5D70
000002418D2E60F0
000002418D2E5FA0
000002418D2E5C90
0000000000000000
0000000000000000
0000000000000000
0000000000000000
0000000000000000
0000000000000000
000002418D2E6240
000002418D2E5BB0
0000000000000000
0000000000000000
0000000000000000
0000000000000000
0000000000000000
0000000000000000
