4
5
0
10
10
14
13
W
5
4
14
0
9
W
2
4
14
0
9
O
1
0
14
0
4
O
3
2
14
0
4
A
4
4
14
0
4
C
7
6
0
0
5
Z
7
3
3
0
2
M
8
3
42
0
0
T
8
2
14
0
0
J
9
3
14
0
99
B
6
9
14
0
10
G
1
9
14
0
0
M
8
4
12
0
0
0000000000000000
0000000000000000
0000000000000000
0000000000000000
0000000000000000
0000000000000000
0000000000000000
0000000000000000
0000000000000000
0000000000000000
000002418D2DD3C0
0000000000000000
0000000000000000
0000000000000000
0000000000000000
0000000000000000
0000000000000000
0000000000000000
0000000000000000
000002418D2E5C20
0000000000000000
0000000000000000
0000000000000000
0000000000000000
000002418D2DD4C0
0000000000000000
0000000000000000
0000000000000000
0000000000000000
0000000000000000
0000000000000000
0000000000000000
000002418D2DD140
0000000000000000
0000000000000000
0000000000000000
0000000000000000
0000000000000000
0000000000000000
0000000000000000
0000000000000000
0000000000000000
0000000000000000
0000000000000000
000002418D2DCA40
0000000000000000
0000000000000000
0000000000000000
0000000000000000
0000000000000000
0000000000000000
0000000000000000
0000000000000000
0000000000000000
000002418D2DC9C0
0000000000000000
0000000000000000
0000000000000000
0000000000000000
0000000000000000
0000000000000000
0000000000000000
0000000000000000
0000000000000000
0000000000000000
0000000000000000
0000000000000000
0000000000000000
0000000000000000
000002418D2E5D00
0000000000000000
0000000000000000
0000000000000000
000002418D2DD1C0
0000000000000000
0000000000000000
000002418D2E52F0
0000000000000000
0000000000000000
0000000000000000
0000000000000000
0000000000000000
000002418D2E5D70
000002418D2E60F0
000002418D2E5FA0
0000000000000000
0000000000000000
0000000000000000
0000000000000000
0000000000000000
0000000000000000
0000000000000000
0000000000000000
000002418D2E5BB0
0000000000000000
0000000000000000
0000000000000000
0000000000000000
0000000000000000
0000000000000000
