5
1
1
10
10
13
13
W
3
0
13
0
9
W
6
5
13
0
9
W
4
1
4
0
9
O
2
4
13
0
4
C
5
2
0
0
5
M
8
3
36
0
0
M
7
3
21
0
0
M
8
4
18
0
0
T
8
2
13
0
0
J
9
3
13
0
99
B
6
9
13
0
10
G
1
9
12
0
0
0000000000000000
0000000000000000
0000000000000000
0000000000000000
0000000000000000
0000000000000000
0000000000000000
0000000000000000
0000000000000000
0000000000000000
0000000000000000
0000000000000000
0000000000000000
0000000000000000
0000000000000000
0000000000000000
0000000000000000
0000000000000000
0000000000000000
00000286A69D4EE0
0000000000000000
0000000000000000
0000000000000000
0000000000000000
00000286A69C6000
0000000000000000
0000000000000000
0000000000000000
0000000000000000
0000000000000000
00000286A69C53A0
0000000000000000
0000000000000000
0000000000000000
0000000000000000
0000000000000000
0000000000000000
0000000000000000
0000000000000000
0000000000000000
0000000000000000
00000286A69DA620
0000000000000000
0000000000000000
0000000000000000
0000000000000000
0000000000000000
0000000000000000
0000000000000000
0000000000000000
0000000000000000
0000000000000000
00000286A69C9F50
0000000000000000
0000000000000000
0000000000000000
0000000000000000
0000000000000000
0000000000000000
0000000000000000
0000000000000000
0000000000000000
0000000000000000
0000000000000000
0000000000000000
00000286A69C5900
0000000000000000
0000000000000000
0000000000000000
00000286A69D4850
0000000000000000
0000000000000000
0000000000000000
00000286A69D4A10
0000000000000000
0000000000000000
0000000000000000
0000000000000000
0000000000000000
0000000000000000
0000000000000000
0000000000000000
00000286A69D4930
00000286A69D49A0
00000286A69D4A80
0000000000000000
0000000000000000
0000000000000000
0000000000000000
0000000000000000
0000000000000000
0000000000000000
0000000000000000
00000286A69D48C0
0000000000000000
0000000000000000
0000000000000000
0000000000000000
0000000000000000
0000000000000000
