1
5
0
10
10
18
14
L
3
2
18
0
3
W
1
2
18
0
9
W
7
3
18
0
9
C
5
6
0
0
5
M
8
3
54
0
0
M
6
3
30
0
0
T
8
2
18
0
0
J
9
3
18
0
99
B
6
9
18
0
10
G
1
9
17
0
0
M
7
2
12
0
0
G
0
9
7
0
0
T
9
2
2
0
0
0000000000000000
0000000000000000
0000000000000000
0000000000000000
0000000000000000
0000000000000000
0000000000000000
0000000000000000
0000000000000000
000001CB4AD67CC0
0000000000000000
0000000000000000
000001CB4AD5E250
0000000000000000
0000000000000000
0000000000000000
0000000000000000
0000000000000000
0000000000000000
000001CB4AD676A0
0000000000000000
0000000000000000
0000000000000000
0000000000000000
0000000000000000
0000000000000000
0000000000000000
0000000000000000
0000000000000000
0000000000000000
0000000000000000
0000000000000000
000001CB4AD5DCD0
0000000000000000
0000000000000000
0000000000000000
0000000000000000
0000000000000000
0000000000000000
0000000000000000
0000000000000000
0000000000000000
0000000000000000
0000000000000000
0000000000000000
0000000000000000
0000000000000000
0000000000000000
0000000000000000
0000000000000000
0000000000000000
0000000000000000
0000000000000000
0000000000000000
0000000000000000
0000000000000000
000001CB4AD66B10
0000000000000000
0000000000000000
0000000000000000
0000000000000000
0000000000000000
0000000000000000
000001CB4AD67860
0000000000000000
0000000000000000
0000000000000000
0000000000000000
0000000000000000
000001CB4AD67DA0
0000000000000000
0000000000000000
000001CB4AD679B0
000001CB4AD5E4D0
0000000000000000
0000000000000000
0000000000000000
0000000000000000
0000000000000000
0000000000000000
0000000000000000
0000000000000000
000001CB4AD67780
000001CB4AD67A90
0000000000000000
0000000000000000
0000000000000000
0000000000000000
0000000000000000
0000000000000000
0000000000000000
0000000000000000
000001CB4AD67C50
000001CB4AD678D0
0000000000000000
0000000000000000
0000000000000000
0000000000000000
0000000000000000
0000000000000000
